state={
 id=297
 name="STATE_330"
 history={
 }
 provinces={
1 299 594 652 705 743 744 790 1050 1053 1103 1110 1114 1116 1118 1125 1130 1135 1144 1176 1183 1188 1193 1227 1261 1269 1283 1288 1293 1319 1325 1328 1331 1335 1338 1345 1350 1351 1354 1356 1358 1359 1363 1366 1368 1370 1374 1378 1385 1395 1400 1405 1406 1407 1408 1409 1410 1411 1412 1414 1416 1418 1423 1427 2964 3035 3040 3102 3160 3167 3195 3200 3204 3207 3209 3223 3236 3237 4230 4951 4954 4985 4990 4994 5007 7280 7282 7284
 }
 manpower=1
 buildings_max_level_factor=1.000
 state_category=town
 }

