state={
 id=318
 name="STATE_351"
 manpower = 2354971
 state_category = town
 history={
 owner = SOV
 buildings = {
 infrastructure = 3
 }
 add_core_of = SOV
 victory_points = {
5879 3
 }
 }
 provinces={
23 58 72 77 80 101 119 124 132 143 145 148 154 173 2186 2239 2240 2259 2267 2271 2278 2295 2305 2319 2322 2324 2327 2335 4012 4055 4058 4069 4074 4088 4089 4095 4123 4139 4141 4146 4147 5807 5854 5860 5863 5879 5881 5883 5903 5926 5927 5929 5933 5935 5944 6550 6558 6559 6576 6584 6594 6603 6609 6612 6638 6655 6664 6667 6672 6689
 }
 }

